Connections between different characters from Lord of the Rings based on hyperlinks present in character pages on the fandom wiki tolkiengateway.net
------------------------------------------------
0 198
0 409
0 39
0 423
0 160
0 136
0 199
0 266
1 22
1 260
1 383
1 412
1 272
2 104
2 434
2 82
2 66
2 110
2 249
2 233
2 354
3 327
3 172
3 248
3 192
3 239
3 63
3 410
3 335
3 238
3 404
3 39
3 315
3 35
3 302
3 199
3 263
3 113
3 412
3 138
3 121
3 37
3 33
3 304
3 401
3 388
3 409
3 367
3 450
3 66
3 160
3 443
3 249
3 167
3 266
3 65
3 232
3 210
3 441
3 395
3 436
3 136
3 394
3 132
3 28
3 402
3 5
4 71
4 149
4 78
4 117
4 320
4 255
4 273
4 315
4 98
4 390
4 105
4 388
4 16
4 211
4 280
4 341
4 54
4 7
4 384
4 103
4 189
4 237
5 172
5 248
5 192
5 239
5 63
5 410
5 335
5 39
5 3
5 315
5 35
5 302
5 263
5 199
5 113
5 412
5 121
5 37
5 194
5 388
5 304
5 401
5 409
5 367
5 450
5 443
5 160
5 249
5 167
5 266
5 65
5 210
5 441
5 436
5 394
5 136
5 132
5 402
6 229
6 71
6 78
6 317
6 52
6 133
6 226
6 449
6 279
6 320
6 255
6 104
6 273
6 287
6 315
6 253
6 129
6 31
6 301
6 98
6 159
6 280
6 303
6 232
6 7
6 60
6 103
6 201
6 268
6 237
7 71
7 148
7 52
7 24
7 256
7 226
7 434
7 273
7 352
7 3
7 414
7 98
7 73
7 388
7 180
7 280
7 150
7 181
7 108
7 56
7 92
7 72
7 289
7 103
7 423
7 41
7 296
7 308
7 237
8 270
9 49
9 336
9 456
9 117
9 375
9 58
10 216
10 443
10 66
10 249
10 293
10 94
11 63
11 357
11 160
11 366
12 19
12 107
12 340
12 385
13 3
13 457
13 311
14 291
14 142
14 15
14 331
14 45
14 240
14 63
14 357
14 145
14 312
14 255
14 457
14 250
14 115
14 315
14 253
14 225
14 354
14 316
14 443
14 348
14 43
14 295
14 203
14 422
14 283
14 151
14 423
14 359
14 112
14 161
14 399
14 223
15 134
15 164
15 151
15 331
15 160
15 43
15 77
15 312
15 457
16 71
16 133
16 117
16 226
16 320
16 255
16 273
16 315
16 184
16 98
16 390
16 105
16 388
16 211
16 341
16 54
16 4
16 7
16 384
16 289
16 103
16 189
16 237
17 216
17 63
17 347
17 153
17 50
17 374
17 42
18 216
18 395
18 192
18 315
18 63
18 275
18 14
18 54
18 312
18 457
18 105
18 384
19 434
19 78
19 257
19 148
19 115
19 340
19 445
19 414
19 253
19 315
19 107
19 292
19 256
19 342
19 385
20 147
20 440
20 198
20 192
20 111
20 197
20 52
20 322
20 226
20 208
20 123
20 434
20 287
20 278
20 199
20 412
20 354
20 349
20 114
20 388
20 401
20 180
20 373
20 443
20 150
20 217
20 160
20 329
20 341
20 391
20 364
20 266
20 65
20 72
20 395
20 257
20 128
20 53
20 51
21 290
21 256
21 226
21 41
21 68
21 144
21 73
22 1
22 260
22 272
22 383
23 195
23 70
23 252
23 99
23 226
23 58
24 441
24 71
24 423
24 160
24 7
25 160
25 441
25 398
26 160
26 374
27 357
27 77
27 457
27 321
28 327
28 330
28 192
28 240
28 357
28 63
28 145
28 404
28 457
28 366
28 372
28 3
28 315
28 77
28 412
28 354
28 388
28 33
28 432
28 443
28 429
28 160
28 66
28 249
28 43
28 232
28 151
28 454
28 438
28 441
28 395
28 299
28 42
29 67
29 340
29 271
29 135
29 345
29 256
29 59
29 381
30 63
30 457
30 454
31 78
31 159
31 171
31 287
31 170
31 6
31 288
31 320
31 376
32 291
32 55
32 250
32 151
32 369
32 93
32 443
32 115
32 173
32 225
32 161
32 76
32 222
33 327
33 192
33 63
33 386
33 457
33 372
33 77
33 412
33 354
33 339
33 443
33 432
33 66
33 160
33 43
33 249
33 134
33 395
33 28
33 246
33 42
34 216
34 156
34 160
34 65
34 249
34 112
34 63
34 305
34 14
34 439
34 312
34 255
34 194
35 172
35 248
35 192
35 239
35 410
35 335
35 39
35 3
35 315
35 302
35 199
35 263
35 113
35 412
35 121
35 37
35 388
35 304
35 401
35 409
35 367
35 450
35 443
35 160
35 249
35 167
35 266
35 65
35 210
35 441
35 436
35 394
35 136
35 132
35 402
35 5
36 126
36 71
36 16
36 175
36 163
36 240
36 28
36 189
36 370
36 251
36 282
36 355
36 88
36 385
37 248
37 172
37 192
37 239
37 410
37 335
37 39
37 3
37 315
37 35
37 302
37 199
37 263
37 113
37 412
37 121
37 388
37 304
37 401
37 409
37 443
37 450
37 367
37 160
37 249
37 167
37 266
37 65
37 210
37 441
37 436
37 394
37 136
37 132
37 402
37 5
38 317
38 170
38 6
38 56
38 7
39 172
39 248
39 192
39 239
39 410
39 335
39 3
39 315
39 35
39 302
39 199
39 263
39 113
39 412
39 121
39 37
39 388
39 304
39 401
39 409
39 367
39 450
39 443
39 160
39 249
39 167
39 266
39 65
39 210
39 441
39 436
39 136
39 394
39 132
39 402
39 5
40 6
40 279
41 336
41 71
41 148
41 52
41 292
41 256
41 226
41 434
41 273
41 352
41 115
41 315
41 414
41 253
41 98
41 73
41 19
41 280
41 181
41 7
41 289
41 103
41 53
41 242
41 296
41 308
41 237
42 327
42 192
42 362
42 386
42 63
42 34
42 457
42 158
42 366
42 372
42 442
42 270
42 77
42 412
42 354
42 194
42 191
42 33
42 66
42 310
42 432
42 160
42 249
42 43
42 424
42 17
42 216
42 134
42 441
42 395
42 28
42 231
42 334
43 316
43 327
43 33
43 395
43 443
43 192
43 432
43 372
43 66
43 249
43 160
43 424
43 63
43 28
43 77
43 354
43 457
43 42
44 134
44 33
44 411
44 395
44 192
44 63
44 77
44 42
45 316
45 151
45 331
45 348
45 240
45 357
45 63
45 203
45 14
45 145
45 457
46 280
46 324
46 332
46 253
46 53
46 292
47 377
47 134
47 436
47 270
47 389
48 134
48 270
48 319
48 439
48 457
50 216
50 409
50 443
50 66
50 160
50 249
50 63
50 412
50 439
50 34
50 382
51 440
51 198
51 111
51 197
51 52
51 322
51 226
51 208
51 123
51 434
51 287
51 278
51 412
51 20
51 349
51 326
51 114
51 401
51 180
51 373
51 217
51 280
51 150
51 329
51 160
51 443
51 391
51 364
51 72
51 257
51 128
51 53
51 108
52 440
52 198
52 111
52 387
52 197
52 322
52 133
52 226
52 279
52 208
52 123
52 434
52 287
52 278
52 412
52 20
52 349
52 114
52 401
52 159
52 373
52 443
52 150
52 217
52 329
52 160
52 391
52 364
52 7
52 60
52 72
52 257
52 128
52 53
52 51
52 108
52 309
53 440
53 198
53 111
53 197
53 52
53 322
53 226
53 208
53 123
53 434
53 287
53 278
53 253
53 225
53 412
53 20
53 349
53 114
53 401
53 180
53 373
53 280
53 443
53 150
53 217
53 329
53 160
53 391
53 364
53 72
53 257
53 128
53 161
53 51
54 71
54 63
54 292
54 279
54 457
54 115
54 315
54 253
54 105
54 19
54 388
54 280
54 303
54 341
54 422
54 4
54 384
54 18
54 42
55 291
55 93
55 14
55 76
55 182
55 222
55 218
55 250
55 437
55 220
55 115
55 430
55 165
55 173
55 224
55 225
55 316
55 443
55 122
55 227
55 427
55 358
55 151
55 369
55 32
55 161
55 223
56 401
56 78
56 66
56 257
56 160
56 391
56 226
56 94
56 92
56 308
56 7
57 425
57 216
57 441
57 71
57 232
57 66
57 443
57 280
57 160
57 192
57 249
57 315
57 391
57 63
57 77
57 320
57 191
58 336
58 175
58 78
58 127
58 252
58 166
58 117
58 226
58 279
58 457
58 426
58 169
58 99
58 253
58 23
58 284
58 135
58 188
58 301
58 390
58 376
58 159
58 456
58 288
58 381
58 204
58 428
58 416
58 257
58 101
58 81
59 78
59 29
59 271
59 345
59 256
59 320
59 381
60 229
60 287
60 52
60 133
60 6
60 268
60 226
60 279
60 232
61 66
61 443
61 285
61 249
61 293
61 10
62 129
62 6
62 268
63 327
63 331
63 78
63 192
63 45
63 240
63 357
63 292
63 14
63 145
63 226
63 312
63 335
63 34
63 457
63 404
63 366
63 372
63 115
63 3
63 315
63 253
63 270
63 77
63 412
63 50
63 354
63 98
63 219
63 20
63 105
63 388
63 33
63 316
63 211
63 443
63 66
63 432
63 160
63 348
63 249
63 341
63 43
63 167
63 106
63 107
63 295
63 54
63 203
63 422
63 26
63 232
63 384
63 216
63 134
63 377
63 151
63 441
63 395
63 438
63 257
63 112
63 28
63 374
63 18
63 309
63 42
63 385
64 50
65 248
65 172
65 192
65 239
65 410
65 335
65 39
65 3
65 315
65 35
65 302
65 199
65 263
65 113
65 412
65 121
65 37
65 388
65 304
65 401
65 409
65 443
65 450
65 367
65 160
65 249
65 167
65 266
65 210
65 441
65 436
65 136
65 394
65 132
65 402
65 5
66 327
66 89
66 330
66 192
66 362
66 63
66 357
66 335
66 34
66 94
66 404
66 457
66 372
66 442
66 3
66 315
66 77
66 50
66 354
66 191
66 388
66 33
66 443
66 432
66 160
66 249
66 43
66 360
66 232
66 441
66 395
66 151
66 260
66 28
66 42
67 159
67 133
67 135
67 345
67 87
67 301
67 338
67 381
67 179
67 204
68 290
68 21
68 256
68 226
68 144
69 159
70 58
70 23
70 195
70 252
71 149
71 78
71 111
71 117
71 226
71 320
71 255
71 273
71 315
71 98
71 390
71 105
71 388
71 16
71 211
71 280
71 341
71 54
71 4
71 7
71 384
71 103
71 405
71 57
71 189
71 237
72 440
72 198
72 111
72 197
72 322
72 52
72 226
72 208
72 123
72 434
72 287
72 278
72 412
72 58
72 20
72 349
72 114
72 401
72 180
72 373
72 217
72 150
72 329
72 160
72 443
72 391
72 364
72 56
72 7
72 257
72 128
72 53
72 51
73 71
73 149
73 78
73 148
73 111
73 445
73 237
73 133
73 292
73 256
73 226
73 342
73 104
73 273
73 352
73 115
73 258
73 315
73 414
73 296
73 98
73 19
73 181
73 107
73 7
73 289
73 103
73 41
73 108
73 308
73 385
74 388
74 395
74 406
74 341
74 63
74 116
74 390
75 36
75 19
75 126
75 78
75 257
75 163
75 370
75 282
75 356
75 107
75 88
75 385
76 291
76 55
76 93
76 14
76 182
76 222
76 218
76 250
76 437
76 220
76 115
76 430
76 165
76 173
76 224
76 225
76 280
76 443
76 122
76 227
76 427
76 358
76 151
76 369
76 32
76 161
76 223
77 327
77 192
77 102
77 240
77 362
77 357
77 63
77 386
77 14
77 238
77 457
77 158
77 372
77 442
77 146
77 315
77 412
77 319
77 354
77 194
77 191
77 33
77 353
77 310
77 66
77 443
77 160
77 432
77 249
77 43
77 216
77 134
77 441
77 395
77 321
77 57
77 28
77 231
77 439
77 161
77 42
78 71
78 111
78 445
78 63
78 292
78 226
78 342
78 320
78 96
78 434
78 169
78 99
78 129
78 58
78 219
78 98
78 349
78 376
78 19
78 388
78 16
78 211
78 159
78 66
78 341
78 107
78 4
78 257
78 162
78 423
78 201
78 242
78 189
78 108
78 385
79 297
79 125
79 265
79 66
80 270
80 63
81 104
81 304
81 336
81 160
81 253
81 226
81 58
81 108
82 104
82 327
82 434
82 66
82 110
82 249
82 107
82 2
82 354
82 108
82 385
83 66
83 249
83 357
83 63
83 294
83 245
83 457
84 425
84 262
84 168
84 213
84 420
84 284
84 282
84 244
84 226
84 446
84 235
84 426
84 385
85 216
85 194
86 127
86 103
86 264
86 212
86 190
86 356
86 247
86 282
86 87
86 75
86 452
86 385
87 67
87 159
87 127
87 212
87 456
87 135
87 301
87 338
87 381
87 452
87 204
88 36
88 175
88 163
88 370
88 251
88 282
88 320
88 385
89 216
89 441
89 66
89 156
89 160
89 314
89 137
89 249
89 100
89 337
90 20
90 65
90 0
90 160
91 413
91 293
92 405
92 56
92 280
93 291
93 55
93 250
93 151
93 369
93 443
93 115
93 32
93 173
93 225
93 161
93 312
93 76
93 222
93 457
93 223
94 443
94 66
94 160
94 249
94 415
94 341
94 56
94 354
94 335
94 308
95 343
95 262
95 282
95 443
96 78
96 443
96 162
96 7
96 148
96 108
96 178
96 414
96 99
96 107
96 435
96 226
96 390
96 320
96 349
96 376
96 385
97 357
97 63
97 457
97 335
98 71
98 78
98 198
98 133
98 226
98 320
98 434
98 273
98 6
98 219
98 349
98 280
98 181
98 364
98 56
98 7
98 103
98 423
98 237
99 96
99 428
99 78
99 252
99 201
99 23
99 226
99 58
99 376
99 385
100 89
100 66
101 301
101 336
101 175
101 159
101 78
101 127
101 257
101 204
101 456
101 284
101 135
101 288
101 396
101 226
101 58
101 381
101 426
101 376
102 249
103 229
103 71
103 111
103 317
103 133
103 449
103 226
103 279
103 104
103 273
103 253
103 6
103 98
103 73
103 174
103 280
103 303
103 7
103 201
103 179
103 237
104 434
104 82
104 103
104 110
104 253
104 133
104 107
104 2
104 385
104 226
104 81
104 108
104 205
104 73
105 19
105 388
105 71
105 279
105 280
105 115
105 315
105 303
105 341
105 63
105 253
105 292
105 18
105 54
105 4
105 42
105 384
106 327
106 151
106 443
106 66
106 63
106 305
106 419
106 439
106 457
107 78
107 111
107 445
107 292
107 226
107 342
107 96
107 115
107 315
107 253
107 58
107 12
107 19
107 443
107 391
107 384
107 257
107 162
107 423
107 242
107 178
107 108
107 385
108 104
108 304
108 443
108 66
108 160
108 133
108 73
108 226
108 7
109 428
109 421
109 226
110 216
110 104
110 401
110 434
110 82
110 388
110 66
110 372
110 160
110 249
110 107
110 2
110 354
110 335
110 108
110 385
111 440
111 71
111 149
111 198
111 197
111 52
111 322
111 63
111 292
111 226
111 279
111 208
111 123
111 434
111 287
111 278
111 253
111 412
111 20
111 349
111 114
111 401
111 180
111 373
111 280
111 150
111 217
111 329
111 160
111 443
111 303
111 391
111 364
111 107
111 72
111 423
111 405
111 257
111 128
111 53
111 51
111 385
112 151
112 63
112 305
112 295
112 14
112 312
112 422
113 172
113 248
113 192
113 239
113 410
113 335
113 39
113 3
113 315
113 35
113 302
113 199
113 263
113 412
113 121
113 37
113 388
113 304
113 401
113 409
113 367
113 450
113 443
113 160
113 249
113 167
113 266
113 65
113 210
113 441
113 436
113 394
113 136
113 132
113 402
113 5
114 440
114 198
114 111
114 197
114 52
114 322
114 226
114 208
114 123
114 434
114 287
114 278
114 412
114 98
114 20
114 349
114 401
114 373
114 217
114 150
114 329
114 160
114 443
114 391
114 364
114 72
114 257
114 128
114 53
114 51
114 237
115 291
115 55
115 78
115 93
115 292
115 226
115 76
115 279
115 182
115 222
115 218
115 250
115 437
115 430
115 315
115 173
115 253
115 225
115 73
115 19
115 443
115 303
115 227
115 427
115 358
115 126
115 151
115 369
115 32
115 161
115 41
115 223
116 406
116 74
117 336
117 71
117 240
117 226
117 255
117 320
117 273
117 315
117 188
117 58
117 390
117 98
117 105
117 388
117 16
117 159
117 211
117 341
117 54
117 4
117 7
117 384
117 428
117 103
117 189
117 108
117 237
118 327
118 254
118 211
119 327
119 151
119 395
119 438
119 192
119 63
119 106
119 457
120 304
120 441
120 409
120 196
120 266
121 172
121 248
121 192
121 239
121 63
121 410
121 335
121 39
121 3
121 315
121 35
121 302
121 263
121 199
121 113
121 412
121 37
121 194
121 388
121 304
121 401
121 409
121 367
121 450
121 443
121 160
121 249
121 167
121 266
121 65
121 210
121 441
121 436
121 394
121 136
121 132
121 402
121 5
122 291
122 55
122 250
122 220
122 430
122 165
122 224
122 225
122 227
122 161
122 76
123 440
123 198
123 111
123 197
123 52
123 322
123 226
123 208
123 434
123 287
123 278
123 412
123 20
123 349
123 114
123 401
123 180
123 373
123 217
123 150
123 329
123 160
123 443
123 391
123 364
123 72
123 257
123 128
123 53
123 51
124 134
124 377
124 366
124 372
124 429
124 424
124 63
124 270
124 412
124 18
124 319
124 325
124 389
125 79
125 443
125 270
125 297
125 265
126 36
126 67
126 175
126 159
126 163
126 338
126 456
126 284
126 282
126 58
126 279
126 75
126 426
126 385
127 67
127 159
127 103
127 212
127 86
127 133
127 356
127 135
127 87
127 301
127 338
127 452
127 204
128 440
128 198
128 111
128 197
128 52
128 322
128 63
128 226
128 208
128 123
128 434
128 287
128 278
128 412
128 20
128 349
128 326
128 114
128 401
128 180
128 373
128 217
128 150
128 329
128 160
128 443
128 391
128 364
128 72
128 257
128 53
128 51
129 78
129 197
129 133
129 292
129 14
129 226
129 312
129 279
129 255
129 223
129 287
129 315
129 414
129 253
129 390
129 388
129 211
129 443
129 160
129 62
129 303
129 341
129 107
129 358
129 232
129 7
129 151
129 268
129 439
129 308
129 385
130 175
130 282
130 292
130 279
130 426
130 277
130 115
130 315
130 253
130 6
130 284
130 188
130 58
130 301
130 19
130 159
130 303
130 107
130 288
130 75
130 126
130 101
130 179
130 385
131 64
131 50
131 374
131 361
132 172
132 248
132 192
132 239
132 410
132 335
132 39
132 3
132 315
132 35
132 302
132 199
132 263
132 113
132 412
132 121
132 37
132 388
132 304
132 401
132 409
132 367
132 450
132 443
132 160
132 249
132 167
132 266
132 65
132 210
132 441
132 395
132 436
132 136
132 394
132 402
132 5
133 229
133 336
133 71
133 149
133 127
133 317
133 52
133 237
133 226
133 449
133 279
133 320
133 255
133 104
133 434
133 273
133 21
133 243
133 129
133 6
133 253
133 98
133 58
133 390
133 73
133 159
133 280
133 303
133 56
133 107
133 109
133 7
133 428
133 103
133 405
133 201
133 108
133 179
133 385
134 327
134 192
134 240
134 63
134 80
134 357
134 457
134 124
134 411
134 366
134 372
134 270
134 77
134 412
134 319
134 138
134 339
134 194
134 389
134 33
134 443
134 66
134 160
134 249
134 424
134 47
134 157
134 377
134 395
134 438
134 28
134 8
134 42
135 67
135 159
135 127
135 58
135 87
135 301
135 279
135 381
135 204
136 172
136 248
136 192
136 239
136 410
136 335
136 39
136 3
136 315
136 35
136 302
136 199
136 263
136 113
136 412
136 121
136 37
136 20
136 388
136 304
136 401
136 409
136 443
136 450
136 367
136 160
136 249
136 167
136 266
136 65
136 210
136 441
136 395
136 90
136 436
136 394
136 132
136 402
136 5
137 89
137 441
137 337
137 66
138 134
138 395
138 192
139 134
139 33
139 372
139 285
139 77
139 412
139 339
139 42
140 377
140 160
140 325
140 270
141 206
141 355
141 41
141 68
141 306
141 73
142 316
142 151
142 443
142 359
142 295
142 14
142 312
142 457
142 399
143 372
143 412
143 393
144 290
144 21
144 256
144 226
144 68
144 306
144 7
145 331
145 192
145 45
145 240
145 357
145 63
145 14
145 312
145 457
145 129
145 305
145 194
145 316
145 443
145 348
145 106
145 203
145 232
145 151
145 395
145 18
145 439
145 309
146 33
146 372
146 318
146 160
146 323
146 386
146 77
146 412
146 408
146 42
147 388
147 180
147 330
147 443
147 160
147 226
147 20
147 191
147 300
148 229
148 71
148 78
148 317
148 237
148 256
148 226
148 320
148 96
148 273
148 352
148 414
148 98
148 390
148 73
148 19
148 202
148 443
148 181
148 107
148 7
148 289
148 103
148 201
148 41
148 296
148 308
148 385
149 211
149 280
149 405
149 103
149 253
149 63
149 133
149 292
149 7
150 440
150 198
150 111
150 197
150 52
150 322
150 226
150 208
150 123
150 434
150 287
150 278
150 225
150 412
150 20
150 349
150 114
150 401
150 180
150 373
150 217
150 280
150 329
150 160
150 443
150 391
150 364
150 7
150 72
150 257
150 423
150 128
150 53
150 161
150 51
151 291
151 142
151 327
151 276
151 331
151 15
151 93
151 55
151 45
151 240
151 63
151 357
151 14
151 145
151 312
151 76
151 335
151 255
151 457
151 222
151 250
151 115
151 315
151 173
151 129
151 412
151 225
151 191
151 316
151 443
151 280
151 348
151 66
151 160
151 43
151 249
151 295
151 203
151 422
151 441
151 369
151 359
151 32
151 112
151 161
151 439
151 399
151 308
152 209
152 441
153 63
154 293
155 248
155 65
155 409
155 410
156 216
156 89
156 443
156 249
156 315
156 63
156 354
156 34
156 194
156 232
157 134
157 438
157 444
157 311
157 457
158 216
158 441
158 66
158 102
158 160
158 249
158 77
158 412
158 42
159 175
159 78
159 127
159 252
159 133
159 226
159 426
159 67
159 287
159 315
159 6
159 135
159 284
159 188
159 58
159 301
159 160
159 288
159 381
159 204
159 257
159 101
160 172
160 240
160 357
160 404
160 457
160 123
160 39
160 3
160 302
160 263
160 113
160 319
160 191
160 388
160 409
160 266
160 65
160 216
160 377
160 151
160 423
160 128
160 436
160 136
160 402
160 192
160 197
160 52
160 322
160 312
160 226
160 366
160 372
160 315
160 35
160 253
160 129
160 77
160 401
160 329
160 66
160 150
160 280
160 217
160 450
160 43
160 364
160 72
160 441
160 395
160 257
160 394
160 132
160 439
160 198
160 239
160 63
160 34
160 208
160 287
160 412
160 138
160 354
160 121
160 194
160 349
160 33
160 443
160 432
160 367
160 167
160 384
160 134
160 438
160 28
160 327
160 440
160 248
160 110
160 111
160 415
160 410
160 335
160 434
160 278
160 270
160 199
160 37
160 20
160 269
160 114
160 304
160 373
160 249
160 391
160 232
160 210
160 53
160 374
160 51
160 42
160 5
161 291
161 327
161 55
161 93
161 14
161 226
161 312
161 76
161 255
161 222
161 457
161 218
161 182
161 250
161 437
161 115
161 430
161 287
161 173
161 253
161 224
161 225
161 180
161 280
161 443
161 227
161 427
161 358
161 151
161 369
161 32
161 299
161 223
161 237
162 96
162 78
162 443
162 99
162 107
162 435
162 226
162 108
162 376
162 385
163 36
163 126
163 175
163 370
163 251
163 282
163 88
163 385
164 327
164 15
164 160
164 77
164 457
165 93
165 220
165 430
165 224
165 122
165 225
165 161
165 76
165 227
166 58
166 416
166 288
166 159
167 248
167 172
167 192
167 239
167 63
167 410
167 335
167 94
167 39
167 3
167 315
167 35
167 302
167 199
167 263
167 113
167 412
167 121
167 37
167 388
167 304
167 401
167 409
167 443
167 450
167 367
167 160
167 249
167 341
167 266
167 65
167 210
167 441
167 395
167 436
167 394
167 136
167 132
167 402
167 5
168 425
168 262
168 84
168 213
168 420
168 284
168 282
168 244
168 226
168 446
168 235
168 426
168 385
169 58
169 242
169 254
169 78
170 202
170 31
170 38
171 258
171 31
172 248
172 192
172 239
172 410
172 335
172 0
172 39
172 3
172 315
172 35
172 302
172 199
172 263
172 113
172 412
172 121
172 37
172 388
172 304
172 401
172 409
172 367
172 450
172 443
172 160
172 249
172 167
172 266
172 65
172 210
172 441
172 436
172 136
172 394
172 132
172 402
172 5
173 291
173 55
173 250
173 151
173 369
173 93
173 443
173 115
173 32
173 225
173 161
173 312
173 76
173 222
174 226
174 108
174 103
174 280
175 36
175 19
175 126
175 16
175 71
175 280
175 456
175 370
175 282
175 284
175 189
175 288
175 130
175 107
175 320
175 75
175 426
175 385
176 429
176 457
176 454
176 161
177 316
177 327
177 151
177 432
177 344
177 240
177 14
177 457
178 96
178 443
178 107
178 226
178 108
179 226
179 243
180 33
180 434
180 198
180 280
180 423
180 197
180 287
180 322
180 128
180 326
180 225
180 56
180 161
180 226
180 51
180 349
180 205
181 273
181 71
181 289
181 352
181 280
181 148
181 7
181 103
181 308
181 414
181 237
181 256
181 41
181 296
181 98
181 73
182 55
182 250
182 434
182 437
182 115
182 430
182 225
182 161
182 227
182 76
182 427
182 358
182 218
182 223
183 443
184 262
184 16
184 257
184 252
184 282
184 226
185 161
186 238
186 103
187 180
188 301
188 175
188 159
188 127
188 204
188 284
188 135
188 288
188 101
188 117
188 58
188 51
188 108
188 381
188 426
188 376
189 71
189 78
189 117
189 256
189 226
189 320
189 255
189 273
189 315
189 98
189 390
189 105
189 388
189 16
189 211
189 341
189 54
189 4
189 7
189 384
189 103
189 237
190 127
190 264
190 86
190 356
190 247
190 370
190 88
190 452
191 281
191 362
191 386
191 226
191 335
191 404
191 442
191 315
191 77
191 180
191 310
191 443
191 66
191 160
191 249
191 151
191 441
191 374
191 42
192 327
192 248
192 172
192 239
192 63
192 410
192 335
192 404
192 457
192 372
192 39
192 3
192 315
192 35
192 302
192 199
192 270
192 77
192 412
192 113
192 138
192 263
192 354
192 37
192 121
192 20
192 105
192 388
192 33
192 304
192 401
192 409
192 443
192 66
192 432
192 160
192 450
192 249
192 43
192 367
192 167
192 106
192 54
192 266
192 65
192 232
192 384
192 134
192 210
192 441
192 395
192 436
192 28
192 394
192 132
192 136
192 42
192 402
192 5
193 71
193 443
193 449
193 390
193 320
193 255
194 327
194 240
194 415
194 357
194 145
194 312
194 335
194 34
194 457
194 366
194 156
194 372
194 315
194 270
194 305
194 129
194 412
194 77
194 319
194 225
194 354
194 388
194 401
194 443
194 310
194 348
194 160
194 249
194 391
194 203
194 358
194 232
194 216
194 439
194 161
194 42
195 70
195 159
195 252
195 23
195 58
196 304
196 409
196 120
197 440
197 198
197 111
197 52
197 322
197 226
197 208
197 123
197 434
197 287
197 278
197 129
197 225
197 412
197 20
197 349
197 114
197 401
197 180
197 211
197 217
197 150
197 373
197 329
197 160
197 443
197 391
197 364
197 72
197 257
197 128
197 53
197 268
197 161
197 51
198 440
198 111
198 197
198 52
198 322
198 226
198 208
198 123
198 434
198 287
198 278
198 412
198 20
198 349
198 114
198 401
198 180
198 373
198 443
198 150
198 217
198 329
198 160
198 391
198 364
198 7
198 72
198 423
198 257
198 128
198 53
198 51
199 327
199 172
199 248
199 192
199 239
199 410
199 335
199 39
199 3
199 315
199 35
199 302
199 263
199 113
199 412
199 121
199 37
199 388
199 304
199 401
199 409
199 443
199 450
199 367
199 160
199 249
199 167
199 266
199 65
199 210
199 441
199 395
199 90
199 436
199 136
199 394
199 132
199 402
199 5
200 327
200 443
200 160
200 436
200 357
200 77
200 161
200 320
200 457
201 229
201 78
201 103
201 148
201 317
201 99
201 166
201 6
201 58
201 51
202 226
202 148
202 414
202 73
203 216
203 327
203 316
203 194
203 151
203 331
203 348
203 45
203 240
203 129
203 305
203 357
203 63
203 14
203 145
203 439
203 312
203 457
204 104
204 67
204 159
204 127
204 103
204 212
204 338
204 135
204 282
204 87
204 226
204 301
204 75
204 381
204 452
205 434
205 180
205 280
205 63
205 391
206 141
206 355
206 41
206 68
206 306
206 73
207 56
207 349
207 434
207 280
208 440
208 198
208 111
208 197
208 52
208 322
208 226
208 123
208 434
208 287
208 278
208 412
208 20
208 349
208 114
208 401
208 373
208 217
208 150
208 329
208 160
208 443
208 391
208 364
208 56
208 72
208 257
208 128
208 53
208 51
209 337
209 249
209 441
209 152
210 172
210 248
210 330
210 192
210 239
210 410
210 335
210 39
210 3
210 315
210 35
210 302
210 199
210 263
210 113
210 412
210 121
210 37
210 388
210 304
210 401
210 409
210 367
210 450
210 443
210 160
210 249
210 167
210 266
210 65
210 441
210 395
210 436
210 136
210 394
210 132
210 402
210 5
211 71
211 149
211 78
211 197
211 320
211 287
211 129
211 98
211 390
211 349
211 19
211 388
211 16
211 341
211 107
211 4
211 7
211 257
211 189
211 385
212 67
212 159
212 127
212 135
212 87
212 301
212 338
212 452
212 204
213 425
213 262
213 168
213 84
213 420
213 284
213 282
213 244
213 226
213 446
213 235
213 426
213 385
214 314
214 249
214 334
215 134
215 395
215 192
215 160
215 270
215 63
215 412
215 319
215 297
216 89
216 415
216 362
216 63
216 312
216 335
216 34
216 457
216 366
216 156
216 372
216 315
216 270
216 412
216 50
216 225
216 354
216 194
216 389
216 401
216 443
216 160
216 249
216 17
216 382
216 26
216 232
216 441
216 151
216 374
216 439
216 161
216 42
217 440
217 198
217 111
217 197
217 322
217 52
217 226
217 208
217 123
217 434
217 287
217 278
217 412
217 20
217 349
217 114
217 401
217 373
217 280
217 150
217 329
217 160
217 443
217 391
217 364
217 72
217 257
217 128
217 53
217 51
218 55
218 250
218 434
218 437
218 280
218 423
218 115
218 430
218 253
218 225
218 161
218 227
218 76
218 182
218 427
218 358
218 223
219 434
219 273
219 71
219 72
219 280
219 103
219 150
219 7
219 217
219 63
219 98
219 349
219 205
219 237
220 93
220 430
220 165
220 63
220 224
220 122
220 225
220 161
220 76
220 312
220 227
220 457
221 19
221 78
221 257
221 115
221 341
221 445
221 414
221 253
221 315
221 292
221 107
221 161
221 342
221 385
222 291
222 55
222 250
222 151
222 369
222 93
222 443
222 115
222 32
222 173
222 225
222 161
222 76
223 55
223 182
223 437
223 250
223 369
223 127
223 115
223 430
223 63
223 370
223 161
223 227
223 76
223 255
223 427
223 358
223 218
223 384
224 291
224 55
224 250
224 220
224 430
224 165
224 122
224 14
224 225
224 227
224 161
224 76
225 291
225 55
225 93
225 14
225 226
225 312
225 76
225 255
225 457
225 222
225 250
225 115
225 173
225 316
225 180
225 280
225 443
225 151
225 369
225 423
225 32
225 161
226 229
226 440
226 336
226 71
226 78
226 198
226 329
226 111
226 197
226 322
226 52
226 63
226 279
226 68
226 208
226 104
226 250
226 434
226 96
226 123
226 21
226 287
226 99
226 278
226 170
226 129
226 243
226 6
226 253
226 225
226 412
226 98
226 58
226 20
226 306
226 349
226 41
226 114
226 73
226 401
226 180
226 159
226 443
226 280
226 150
226 160
226 144
226 217
226 303
226 264
226 373
226 391
226 364
226 56
226 107
226 92
226 51
226 7
226 416
226 60
226 72
226 378
226 103
226 423
226 162
226 290
226 257
226 128
226 53
226 101
226 81
226 161
226 435
226 178
226 108
226 385
227 291
227 55
227 76
227 255
227 182
227 218
227 250
227 437
227 220
227 115
227 430
227 165
227 224
227 225
227 122
227 427
227 358
227 423
227 161
227 223
228 441
228 395
228 443
228 66
228 3
228 160
228 192
228 249
228 315
228 28
228 129
228 63
228 412
228 354
228 404
228 457
228 232
229 234
229 71
229 317
229 133
229 449
229 226
229 279
229 273
229 253
229 6
229 98
229 303
229 232
229 7
229 60
229 103
229 201
229 108
229 237
230 258
230 240
230 170
231 134
231 33
231 443
231 386
231 77
231 335
231 339
231 42
232 229
232 192
232 52
232 133
232 63
232 145
232 226
232 279
232 255
232 404
232 104
232 434
232 3
232 315
232 129
232 6
232 194
232 191
232 388
232 280
232 443
232 66
232 160
232 249
232 341
232 167
232 384
232 216
232 60
232 441
232 395
232 423
232 57
232 28
232 439
232 308
233 134
233 438
233 160
233 63
233 54
233 457
233 105
234 229
235 425
235 262
235 168
235 84
235 213
235 420
235 284
235 282
235 244
235 226
235 446
235 426
235 385
236 63
236 14
237 71
237 111
237 148
237 256
237 123
237 434
237 273
237 352
237 414
237 98
237 114
237 73
237 280
237 181
237 7
237 289
237 103
237 41
237 296
237 308
238 160
238 441
238 186
239 172
239 248
239 192
239 410
239 335
239 39
239 3
239 315
239 35
239 302
239 199
239 263
239 113
239 412
239 121
239 37
239 388
239 304
239 401
239 409
239 367
239 450
239 443
239 160
239 249
239 167
239 266
239 65
239 210
239 441
239 436
239 394
239 136
239 132
239 402
239 5
240 327
240 331
240 45
240 357
240 63
240 14
240 145
240 457
240 366
240 372
240 270
240 77
240 412
240 194
240 316
240 66
240 443
240 432
240 160
240 348
240 249
240 203
240 216
240 151
240 438
240 321
240 28
240 161
240 42
241 205
242 78
242 103
242 257
242 7
242 107
242 41
242 376
242 385
243 336
243 103
243 133
243 73
243 226
243 108
243 179
243 7
244 425
244 262
244 168
244 84
244 213
244 420
244 284
244 282
244 226
244 446
244 235
244 426
244 385
245 63
245 407
245 351
245 457
246 386
246 33
247 264
247 190
247 86
247 356
247 452
248 172
248 192
248 239
248 410
248 335
248 39
248 3
248 155
248 35
248 302
248 199
248 315
248 263
248 113
248 412
248 121
248 37
248 388
248 304
248 401
248 409
248 443
248 450
248 367
248 160
248 249
248 167
248 266
248 65
248 210
248 441
248 436
248 394
248 136
248 132
248 402
248 5
249 172
249 330
249 102
249 281
249 357
249 2
249 94
249 404
249 457
249 39
249 3
249 302
249 263
249 113
249 319
249 191
249 388
249 409
249 310
249 160
249 266
249 17
249 65
249 216
249 151
249 436
249 136
249 402
249 385
249 89
249 192
249 344
249 372
249 315
249 35
249 253
249 77
249 401
249 66
249 280
249 450
249 43
249 82
249 441
249 395
249 260
249 394
249 132
249 439
249 239
249 63
249 34
249 158
249 442
249 412
249 354
249 121
249 194
249 33
249 180
249 443
249 432
249 367
249 167
249 384
249 57
249 28
249 327
249 248
249 127
249 110
249 362
249 410
249 335
249 270
249 199
249 58
249 37
249 20
249 304
249 159
249 341
249 391
249 232
249 210
249 374
249 42
249 5
250 291
250 55
250 93
250 14
250 226
250 76
250 312
250 182
250 457
250 222
250 205
250 218
250 437
250 220
250 115
250 430
250 165
250 173
250 224
250 225
250 316
250 180
250 280
250 443
250 122
250 227
250 427
250 358
250 151
250 369
250 423
250 32
250 161
250 223
251 36
251 126
251 175
251 163
251 370
251 282
251 88
251 385
252 195
252 70
252 336
252 159
252 78
252 99
252 23
252 226
252 58
253 229
253 198
253 29
253 63
253 292
253 226
253 449
253 279
253 397
253 218
253 104
253 434
253 273
253 115
253 287
253 315
253 129
253 6
253 225
253 98
253 301
253 19
253 180
253 280
253 249
253 303
253 370
253 107
253 7
253 384
253 60
253 441
253 53
253 190
253 81
253 161
253 130
253 385
254 327
254 78
254 258
254 118
254 226
255 327
255 71
255 133
255 117
255 14
255 226
255 312
255 34
255 320
255 457
255 437
255 273
255 315
255 129
255 6
255 98
255 390
255 388
255 16
255 211
255 443
255 280
255 341
255 4
255 7
255 441
255 151
255 103
255 189
255 161
255 308
256 71
256 78
256 148
256 226
256 68
256 273
256 352
256 258
256 414
256 59
256 98
256 73
256 19
256 181
256 7
256 289
256 103
256 189
256 41
256 296
256 308
256 237
257 440
257 78
257 198
257 111
257 197
257 52
257 322
257 445
257 63
257 292
257 226
257 342
257 208
257 123
257 434
257 115
257 287
257 99
257 315
257 278
257 253
257 412
257 58
257 20
257 349
257 114
257 19
257 388
257 401
257 180
257 159
257 217
257 150
257 280
257 373
257 329
257 160
257 443
257 391
257 364
257 107
257 72
257 162
257 128
257 53
257 51
257 385
258 171
258 256
259 441
259 226
259 249
259 225
259 161
259 76
260 1
260 66
260 22
260 249
260 383
260 63
260 457
260 272
261 226
262 425
262 168
262 84
262 443
262 213
262 420
262 284
262 282
262 244
262 226
262 343
262 446
262 235
262 95
262 426
262 385
263 172
263 248
263 192
263 239
263 63
263 410
263 226
263 335
263 39
263 3
263 315
263 35
263 302
263 199
263 113
263 412
263 121
263 37
263 194
263 388
263 304
263 401
263 409
263 367
263 450
263 443
263 160
263 249
263 167
263 266
263 65
263 210
263 441
263 436
263 394
263 136
263 132
263 402
263 5
264 127
264 190
264 86
264 247
264 356
264 226
264 452
264 73
265 63
266 172
266 248
266 192
266 239
266 410
266 335
266 39
266 3
266 315
266 35
266 302
266 199
266 263
266 113
266 412
266 121
266 37
266 20
266 388
266 304
266 401
266 409
266 443
266 450
266 367
266 160
266 249
266 167
266 65
266 210
266 441
266 395
266 436
266 136
266 394
266 132
266 439
266 402
266 5
267 160
267 357
267 63
267 457
267 368
268 280
268 62
268 303
268 129
268 6
268 226
268 279
269 104
269 434
269 82
269 110
269 160
269 2
270 134
270 124
270 333
270 194
270 366
270 372
270 160
270 240
270 63
270 42
270 80
270 412
270 357
270 319
270 297
270 457
270 389
271 67
271 29
271 135
271 345
271 59
271 381
272 1
272 22
272 260
272 362
272 383
273 434
273 71
273 103
273 66
273 237
273 98
273 219
273 7
274 320
274 385
275 63
275 457
276 142
276 151
276 359
276 295
276 14
276 312
276 457
276 399
277 129
277 279
277 453
278 72
278 273
278 198
278 66
278 150
278 217
278 322
278 349
279 229
279 336
279 453
279 387
279 52
279 29
279 292
279 117
279 226
279 449
279 104
279 277
279 115
279 287
279 315
279 455
279 253
279 129
279 6
279 135
279 188
279 301
279 58
279 409
279 180
279 280
279 159
279 303
279 370
279 288
279 204
279 232
279 60
279 378
279 423
279 190
279 268
279 101
279 130
280 434
280 149
280 103
280 405
280 357
280 391
280 56
280 225
280 161
280 92
280 205
281 63
281 442
281 249
281 191
282 425
282 36
282 175
282 213
282 226
282 320
282 426
282 168
282 284
282 446
282 385
282 19
282 443
282 456
282 370
282 107
282 288
282 244
282 75
282 262
282 126
282 420
282 235
282 130
282 84
283 443
283 315
283 63
283 305
283 14
283 161
283 312
284 425
284 175
284 213
284 282
284 226
284 279
284 426
284 168
284 188
284 58
284 301
284 446
284 19
284 84
284 159
284 456
284 370
284 107
284 288
284 244
284 75
284 262
284 126
284 101
284 420
284 235
284 130
284 385
285 134
285 372
285 77
285 231
285 339
285 42
285 61
286 226
287 440
287 198
287 111
287 197
287 52
287 322
287 292
287 226
287 279
287 320
287 208
287 123
287 434
287 278
287 253
287 6
287 412
287 301
287 20
287 349
287 114
287 401
287 180
287 329
287 159
287 150
287 217
287 160
287 373
287 443
287 303
287 391
287 364
287 72
287 423
287 257
287 128
287 53
287 51
288 286
288 336
288 175
288 78
288 133
288 282
288 279
288 426
288 284
288 58
288 390
288 301
288 376
288 19
288 159
288 160
288 107
288 396
288 75
288 416
288 126
288 257
288 101
288 130
288 385
289 273
289 71
289 352
289 280
289 103
289 148
289 181
289 7
289 308
289 149
289 414
289 237
289 256
289 41
289 296
289 98
289 73
290 306
290 21
290 256
290 226
290 68
290 144
290 7
291 55
291 93
291 14
291 76
291 226
291 222
291 250
291 434
291 220
291 115
291 430
291 165
291 173
291 224
291 225
291 316
291 443
291 280
291 122
291 227
291 151
291 369
291 32
291 161
292 19
292 149
292 78
292 280
292 257
292 115
292 160
292 287
292 315
292 445
292 253
292 370
292 107
292 342
292 385
293 443
293 249
293 415
293 10
293 335
293 94
294 97
294 443
294 66
294 249
294 240
294 357
294 94
294 457
294 83
294 376
295 142
295 316
295 151
295 331
295 359
295 112
295 63
295 14
295 312
295 422
295 255
295 457
295 399
296 273
296 198
296 71
296 443
296 103
296 148
296 181
296 289
296 352
296 414
296 237
296 73
296 161
296 256
296 98
296 41
296 308
296 7
297 160
297 215
297 270
297 412
297 319
297 389
298 134
298 33
298 339
298 63
299 437
299 443
299 315
299 28
299 161
299 312
299 255
299 457
300 147
300 349
300 180
300 226
301 127
301 133
301 226
301 279
301 104
301 67
301 287
301 253
301 6
301 135
301 284
301 188
301 58
301 159
301 303
301 288
301 381
301 204
301 101
301 130
302 172
302 248
302 192
302 239
302 410
302 335
302 39
302 3
302 315
302 35
302 199
302 263
302 113
302 412
302 121
302 37
302 388
302 304
302 401
302 409
302 367
302 443
302 450
302 160
302 249
302 167
302 266
302 65
302 210
302 441
302 436
302 136
302 394
302 132
302 402
302 5
303 229
303 317
303 133
303 292
303 449
303 279
303 115
303 315
303 253
303 6
303 301
303 390
303 19
303 280
303 107
303 103
303 201
303 268
303 308
303 385
304 248
304 172
304 336
304 192
304 239
304 410
304 335
304 39
304 3
304 315
304 35
304 302
304 199
304 263
304 113
304 412
304 121
304 37
304 388
304 401
304 409
304 443
304 450
304 367
304 160
304 249
304 398
304 167
304 266
304 65
304 210
304 441
304 436
304 136
304 394
304 132
304 81
304 108
304 402
304 5
305 151
305 112
305 63
305 439
305 312
305 34
305 194
305 283
306 141
306 206
306 355
306 41
306 73
307 314
307 249
307 441
307 334
308 71
308 148
308 256
308 279
308 320
308 255
308 273
308 352
308 414
308 129
308 6
308 98
308 390
308 385
308 73
308 388
308 443
308 181
308 107
308 7
308 216
308 151
308 289
308 103
308 242
308 41
308 296
308 237
309 216
309 327
309 366
309 395
309 443
309 52
309 415
309 63
309 18
309 145
309 439
309 457
309 194
310 216
310 85
310 443
310 249
310 315
310 439
310 194
310 191
311 457
311 157
312 63
312 14
312 145
312 34
312 255
312 457
312 315
312 129
312 305
312 194
312 316
312 388
312 443
312 310
312 160
312 341
312 167
312 295
312 203
312 422
312 283
312 232
312 384
312 151
312 112
312 161
312 439
313 162
313 160
313 435
313 192
314 372
314 412
314 319
314 307
314 334
315 172
315 404
315 457
315 39
315 3
315 302
315 263
315 113
315 388
315 409
315 160
315 266
315 65
315 216
315 151
315 74
315 436
315 136
315 161
315 41
315 402
315 385
315 78
315 192
315 226
315 312
315 35
315 253
315 129
315 77
315 225
315 105
315 73
315 401
315 66
315 450
315 303
315 54
315 4
315 441
315 395
315 257
315 394
315 132
315 439
315 71
315 239
315 63
315 14
315 34
315 255
315 279
315 437
315 115
315 412
315 354
315 121
315 194
315 443
315 367
315 167
315 295
315 384
315 28
315 248
315 292
315 410
315 335
315 199
315 37
315 19
315 304
315 249
315 341
315 107
315 232
315 210
315 42
315 5
316 291
316 331
316 93
316 45
316 240
316 357
316 63
316 14
316 145
316 312
316 255
316 457
316 250
316 225
316 177
316 443
316 280
316 348
316 43
316 203
316 151
316 161
317 229
317 71
317 148
317 133
317 449
317 279
317 273
317 414
317 253
317 6
317 98
317 280
317 303
317 232
317 7
317 60
317 103
317 201
317 237
318 33
318 372
318 146
318 323
318 386
318 408
319 134
319 124
319 216
319 388
319 366
319 372
319 443
319 160
319 314
319 249
319 341
319 270
319 386
319 412
319 335
320 71
320 78
320 111
320 148
320 193
320 237
320 282
320 117
320 226
320 255
320 273
320 287
320 315
320 414
320 129
320 6
320 98
320 390
320 105
320 73
320 388
320 16
320 211
320 280
320 443
320 341
320 274
320 370
320 54
320 4
320 232
320 7
320 384
320 103
320 405
320 189
320 41
320 108
320 385
321 353
321 438
321 443
321 160
321 63
321 357
321 77
321 433
321 457
321 384
322 440
322 198
322 111
322 197
322 52
322 226
322 208
322 123
322 434
322 287
322 278
322 412
322 20
322 349
322 114
322 401
322 180
322 373
322 217
322 150
322 329
322 160
322 443
322 391
322 364
322 72
322 257
322 128
322 53
322 51
323 33
323 372
323 429
323 318
323 146
323 386
323 412
323 408
324 280
324 332
324 253
324 292
324 46
325 377
325 124
325 372
325 160
325 424
325 270
325 389
326 423
326 51
326 128
326 180
327 192
327 63
327 14
327 410
327 457
327 372
327 77
327 177
327 354
327 33
327 443
327 432
327 66
327 160
327 43
327 249
327 151
327 395
327 28
327 42
328 236
328 336
328 108
328 65
328 73
329 440
329 198
329 111
329 197
329 52
329 322
329 226
329 208
329 123
329 434
329 287
329 278
329 412
329 20
329 349
329 114
329 401
329 180
329 373
329 217
329 150
329 443
329 160
329 391
329 364
329 72
329 257
329 128
329 53
329 51
330 147
330 210
330 66
330 160
330 249
330 199
331 316
331 151
331 15
331 443
331 348
331 45
331 315
331 240
331 63
331 357
331 295
331 14
331 203
331 161
331 312
331 145
331 255
331 457
332 46
332 280
332 324
332 253
333 443
333 43
333 240
333 270
333 457
334 441
334 158
334 314
334 160
334 249
334 214
334 412
334 307
335 327
335 172
335 248
335 192
335 239
335 63
335 357
335 410
335 94
335 39
335 3
335 315
335 35
335 253
335 199
335 302
335 263
335 113
335 412
335 354
335 37
335 121
335 20
335 191
335 388
335 304
335 401
335 409
335 443
335 66
335 450
335 160
335 367
335 249
335 167
335 266
335 65
335 210
335 441
335 151
335 436
335 394
335 136
335 132
335 402
335 5
336 52
336 133
336 117
336 226
336 320
336 243
336 6
336 328
336 58
336 390
336 376
336 73
336 304
336 159
336 288
336 396
336 268
336 101
336 81
336 108
336 179
337 209
337 89
337 249
338 67
338 159
338 456
338 133
338 135
338 345
338 87
338 301
338 381
338 179
338 204
339 134
339 33
339 372
339 432
339 443
339 139
339 160
339 77
339 412
339 231
339 42
340 19
340 12
340 78
340 385
341 327
341 229
341 78
341 149
341 192
341 386
341 63
341 94
341 255
341 457
341 320
341 315
341 253
341 105
341 19
341 388
341 211
341 160
341 303
341 167
341 54
341 384
341 7
341 299
341 294
341 308
342 19
342 78
342 257
342 115
342 7
342 315
342 445
342 414
342 253
342 73
342 370
342 292
342 107
342 391
342 385
343 262
343 95
344 327
344 66
344 432
344 249
344 457
345 67
345 29
345 271
345 135
345 59
345 381
346 77
346 249
346 362
346 66
347 314
347 50
347 249
348 316
348 151
348 331
348 45
348 240
348 357
348 63
348 203
348 14
348 145
348 439
348 457
348 194
349 440
349 198
349 111
349 197
349 52
349 322
349 63
349 226
349 208
349 123
349 434
349 207
349 287
349 278
349 412
349 20
349 114
349 401
349 373
349 217
349 150
349 280
349 329
349 160
349 443
349 391
349 364
349 72
349 257
349 128
349 53
349 51
350 225
350 218
350 161
350 280
351 407
351 457
351 309
351 245
352 273
352 71
352 289
352 280
352 103
352 148
352 181
352 7
352 308
352 414
352 237
352 256
352 41
352 296
352 98
352 73
353 321
353 77
353 433
353 267
353 457
354 327
354 33
354 395
354 443
354 192
354 432
354 372
354 66
354 43
354 249
354 160
354 28
354 63
354 77
354 457
354 42
355 36
355 141
355 206
355 41
355 68
355 306
355 73
356 127
356 103
356 264
356 190
356 86
356 247
356 370
356 452
357 327
357 331
357 45
357 240
357 63
357 14
357 145
357 335
357 457
357 366
357 194
357 83
357 316
357 66
357 348
357 160
357 249
357 203
357 216
357 151
357 321
357 438
357 28
358 194
358 250
358 437
358 55
358 443
358 115
358 430
358 225
358 161
358 227
358 76
358 182
358 427
358 218
358 223
359 142
359 316
359 151
359 443
359 295
359 14
359 312
359 399
360 89
360 209
360 66
360 314
360 249
360 412
361 418
361 50
361 374
362 216
362 441
362 66
362 249
362 77
362 42
362 191
363 374
364 440
364 198
364 111
364 197
364 52
364 322
364 226
364 208
364 123
364 434
364 287
364 278
364 412
364 20
364 349
364 114
364 401
364 373
364 217
364 150
364 329
364 160
364 443
364 391
364 7
364 72
364 257
364 436
364 128
364 53
364 51
364 237
365 167
365 441
365 409
365 192
366 134
366 124
366 384
366 443
366 160
366 215
366 424
366 357
366 270
366 63
366 439
366 194
366 42
366 232
366 389
367 172
367 248
367 192
367 239
367 410
367 335
367 39
367 3
367 315
367 35
367 302
367 199
367 263
367 113
367 412
367 121
367 37
367 388
367 304
367 401
367 409
367 443
367 450
367 160
367 249
367 167
367 266
367 65
367 210
367 441
367 436
367 136
367 394
367 132
367 402
367 5
368 377
368 134
368 395
368 270
368 319
368 138
369 291
369 55
369 250
369 151
369 93
369 443
369 115
369 32
369 436
369 173
369 63
369 225
369 161
369 312
369 76
369 222
369 457
369 223
370 71
370 352
370 289
370 163
370 385
370 320
370 88
370 7
371 457
372 327
372 192
372 110
372 386
372 63
372 312
372 457
372 124
372 270
372 77
372 412
372 319
372 354
372 194
372 33
372 432
372 429
372 66
372 160
372 43
372 249
372 216
372 134
372 395
372 28
372 161
372 42
373 440
373 198
373 111
373 197
373 52
373 322
373 226
373 208
373 123
373 434
373 287
373 278
373 412
373 20
373 349
373 114
373 401
373 329
373 217
373 150
373 443
373 160
373 391
373 364
373 72
373 257
373 128
373 53
373 51
374 160
374 249
374 63
374 153
374 50
374 17
374 312
374 457
374 191
375 67
375 336
375 159
375 338
375 456
375 135
375 58
375 9
375 381
376 336
376 78
376 66
376 169
376 162
376 133
376 288
376 294
376 101
376 396
377 134
377 124
377 429
377 160
377 424
377 270
377 389
377 412
377 325
377 140
378 159
378 6
378 226
378 279
378 40
379 133
379 428
379 108
379 226
380 431
380 457
380 161
380 443
381 67
381 78
381 159
381 99
381 271
381 135
381 345
381 87
381 301
381 338
381 204
382 216
382 409
382 443
382 160
382 249
382 412
382 50
382 34
382 194
383 1
383 22
383 260
383 412
383 272
384 71
384 63
384 292
384 117
384 312
384 279
384 457
384 115
384 315
384 253
384 105
384 19
384 388
384 443
384 280
384 66
384 160
384 249
384 303
384 341
384 107
384 54
384 4
384 232
384 216
384 257
384 18
384 385
385 425
385 175
385 78
385 148
385 111
385 213
385 340
385 445
385 63
385 282
385 292
385 14
385 235
385 226
385 342
385 279
385 320
385 426
385 130
385 96
385 434
385 168
385 115
385 315
385 414
385 253
385 284
385 188
385 301
385 58
385 446
385 105
385 376
385 12
385 19
385 73
385 180
385 159
385 66
385 443
385 160
385 303
385 107
385 288
385 54
385 244
385 75
385 384
385 262
385 126
385 257
385 162
385 101
385 420
385 108
385 179
385 84
386 33
386 395
386 443
386 372
386 318
386 160
386 146
386 249
386 323
386 270
386 63
386 77
386 412
386 319
386 408
386 42
386 191
387 6
388 327
388 172
388 248
388 71
388 198
388 192
388 110
388 239
388 237
388 63
388 386
388 117
388 410
388 335
388 320
388 255
388 457
388 434
388 273
388 372
388 39
388 3
388 5
388 315
388 35
388 302
388 129
388 270
388 199
388 412
388 113
388 263
388 121
388 98
388 390
388 20
388 37
388 105
388 304
388 401
388 16
388 211
388 409
388 280
388 443
388 150
388 160
388 450
388 249
388 341
388 367
388 167
388 54
388 266
388 4
388 402
388 65
388 7
388 216
388 384
388 210
388 441
388 395
388 103
388 257
388 74
388 436
388 53
388 394
388 132
388 189
388 136
388 161
388 308
388 385
389 216
389 124
389 377
389 151
389 443
389 429
389 372
389 424
389 270
389 63
389 412
389 312
389 457
389 325
390 336
390 71
390 148
390 237
390 133
390 282
390 117
390 226
390 255
390 320
390 273
390 287
390 315
390 414
390 455
390 129
390 58
390 98
390 105
390 388
390 16
390 159
390 211
390 443
390 341
390 274
390 107
390 54
390 4
390 7
390 384
390 428
390 103
390 189
390 108
390 385
391 440
391 198
391 111
391 197
391 52
391 322
391 226
391 205
391 208
391 123
391 434
391 287
391 278
391 253
391 412
391 20
391 349
391 114
391 401
391 180
391 373
391 66
391 150
391 217
391 329
391 160
391 443
391 364
391 7
391 72
391 423
391 257
391 128
391 53
391 51
392 335
392 457
392 249
392 66
393 143
393 412
393 372
394 248
394 172
394 192
394 239
394 410
394 335
394 39
394 3
394 315
394 35
394 302
394 199
394 263
394 113
394 412
394 121
394 37
394 388
394 304
394 401
394 409
394 367
394 450
394 443
394 160
394 249
394 167
394 266
394 65
394 210
394 441
394 395
394 436
394 136
394 132
394 402
394 5
395 327
395 192
395 63
395 404
395 457
395 0
395 372
395 39
395 3
395 315
395 199
395 270
395 77
395 412
395 138
395 319
395 354
395 388
395 304
395 33
395 409
395 443
395 66
395 280
395 160
395 450
395 249
395 432
395 43
395 391
395 266
395 232
395 7
395 216
395 134
395 384
395 210
395 441
395 136
395 28
395 42
396 320
396 336
396 376
397 129
397 287
397 253
398 304
398 25
398 441
398 249
399 142
399 327
399 276
399 151
399 316
399 331
399 443
399 359
399 295
399 14
399 161
399 312
399 354
399 183
400 205
400 226
401 327
401 440
401 172
401 248
401 198
401 192
401 110
401 111
401 197
401 52
401 322
401 239
401 63
401 410
401 226
401 335
401 208
401 123
401 434
401 372
401 39
401 3
401 287
401 315
401 278
401 302
401 199
401 263
401 35
401 412
401 113
401 121
401 37
401 20
401 194
401 349
401 114
401 388
401 304
401 180
401 373
401 443
401 150
401 217
401 160
401 329
401 409
401 450
401 367
401 249
401 391
401 364
401 167
401 266
401 65
401 216
401 72
401 441
401 210
401 257
401 128
401 436
401 53
401 394
401 132
401 136
401 51
401 402
401 5
402 248
402 172
402 192
402 239
402 410
402 335
402 39
402 3
402 315
402 35
402 302
402 199
402 263
402 113
402 412
402 121
402 37
402 388
402 304
402 401
402 409
402 367
402 450
402 443
402 160
402 249
402 167
402 266
402 65
402 210
402 441
402 395
402 436
402 136
402 394
402 132
402 5
403 134
403 33
403 432
403 77
403 412
403 339
403 42
404 441
404 395
404 443
404 66
404 3
404 160
404 192
404 249
404 315
404 28
404 63
404 191
404 457
404 232
404 384
405 71
405 103
405 280
405 226
405 7
406 74
406 116
407 351
407 457
407 309
407 245
408 33
408 372
408 318
408 146
408 323
408 386
408 412
409 172
409 248
409 192
409 239
409 410
409 335
409 39
409 3
409 315
409 35
409 302
409 199
409 263
409 113
409 412
409 121
409 37
409 20
409 388
409 304
409 401
409 443
409 450
409 367
409 160
409 249
409 167
409 266
409 65
409 210
409 441
409 395
409 436
409 136
409 394
409 132
409 402
409 5
410 327
410 248
410 172
410 192
410 239
410 335
410 39
410 3
410 315
410 35
410 302
410 199
410 263
410 113
410 412
410 121
410 37
410 388
410 401
410 304
410 409
410 367
410 450
410 443
410 160
410 249
410 167
410 266
410 65
410 210
410 441
410 436
410 394
410 136
410 132
410 402
410 5
411 134
411 457
411 44
411 270
412 172
412 457
412 123
412 39
412 3
412 302
412 263
412 113
412 319
412 388
412 409
412 160
412 266
412 65
412 216
412 151
412 423
412 128
412 436
412 136
412 161
412 402
412 192
412 197
412 52
412 322
412 226
412 372
412 315
412 35
412 129
412 77
412 401
412 329
412 66
412 150
412 217
412 450
412 364
412 72
412 441
412 395
412 257
412 394
412 132
412 198
412 239
412 63
412 386
412 208
412 124
412 287
412 121
412 194
412 349
412 33
412 443
412 367
412 167
412 134
412 314
412 440
412 248
412 111
412 410
412 335
412 434
412 278
412 270
412 199
412 37
412 20
412 114
412 304
412 373
412 249
412 341
412 391
412 382
412 210
412 53
412 51
412 42
412 5
413 91
413 10
413 293
414 71
414 78
414 148
414 256
414 226
414 320
414 96
414 273
414 352
414 129
414 98
414 390
414 349
414 73
414 19
414 181
414 107
414 7
414 289
414 103
414 41
414 296
414 308
414 237
415 443
415 160
415 249
415 63
415 161
415 335
416 159
416 166
416 63
416 288
416 226
416 58
416 68
417 429
418 216
418 314
418 50
418 249
419 151
419 443
419 106
419 63
419 457
420 425
420 262
420 168
420 84
420 213
420 284
420 282
420 244
420 226
420 446
420 235
420 426
420 385
421 109
421 428
421 58
422 151
422 315
422 112
422 63
422 295
422 14
422 54
422 312
422 105
422 384
423 434
423 441
423 180
423 198
423 443
423 150
423 160
423 281
423 24
423 225
423 14
423 161
423 354
423 335
423 20
423 205
423 191
423 7
424 134
424 124
424 377
424 327
424 160
424 43
424 270
424 42
424 63
424 412
424 439
424 457
424 325
424 389
425 262
425 168
425 84
425 57
425 213
425 420
425 284
425 282
425 244
425 226
425 446
425 235
425 426
425 385
426 425
426 175
426 213
426 282
426 226
426 279
426 168
426 284
426 188
426 58
426 301
426 446
426 19
426 84
426 159
426 456
426 370
426 107
426 288
426 244
426 75
426 262
426 126
426 101
426 420
426 235
426 130
426 385
427 55
427 250
427 437
427 115
427 430
427 161
427 227
427 76
427 182
427 358
427 218
427 223
428 336
428 58
428 99
428 133
428 117
428 226
428 109
428 390
428 421
428 179
429 372
429 412
429 185
429 457
429 389
430 55
430 250
430 437
430 220
430 115
430 165
430 224
430 122
430 227
430 161
430 76
430 182
430 427
430 358
430 218
430 223
431 457
431 380
431 161
431 443
432 327
432 192
432 63
432 457
432 344
432 372
432 77
432 412
432 177
432 354
432 33
432 443
432 66
432 160
432 249
432 43
432 151
432 395
432 28
432 42
433 353
433 77
433 457
433 321
434 440
434 198
434 111
434 197
434 52
434 322
434 226
434 205
434 208
434 104
434 123
434 287
434 278
434 412
434 98
434 20
434 349
434 114
434 401
434 180
434 373
434 217
434 150
434 329
434 160
434 443
434 391
434 364
434 7
434 72
434 423
434 257
434 128
434 53
434 51
435 96
435 443
435 162
435 108
435 107
435 226
435 320
435 385
436 172
436 248
436 192
436 239
436 410
436 335
436 39
436 3
436 315
436 35
436 302
436 199
436 263
436 113
436 412
436 121
436 37
436 388
436 304
436 401
436 409
436 367
436 450
436 443
436 160
436 249
436 167
436 266
436 65
436 210
436 441
436 394
436 136
436 132
436 402
436 5
437 55
437 250
437 93
437 443
437 115
437 430
437 161
437 227
437 76
437 182
437 427
437 358
437 218
437 223
438 134
438 366
438 192
438 160
438 249
438 240
438 28
438 357
438 270
438 63
438 444
438 233
438 311
438 457
438 42
438 157
439 216
439 147
439 443
439 310
439 160
439 239
439 63
439 305
439 167
439 145
439 312
439 457
439 194
439 232
440 198
440 149
440 111
440 197
440 52
440 322
440 226
440 208
440 123
440 434
440 287
440 278
440 412
440 20
440 349
440 114
440 401
440 180
440 211
440 217
440 150
440 373
440 329
440 160
440 443
440 391
440 364
440 72
440 257
440 128
440 53
440 161
440 51
441 172
441 248
441 209
441 192
441 110
441 239
441 63
441 410
441 335
441 404
441 39
441 3
441 365
441 315
441 35
441 302
441 199
441 263
441 77
441 113
441 412
441 319
441 354
441 37
441 121
441 191
441 388
441 304
441 401
441 409
441 152
441 443
441 66
441 450
441 160
441 25
441 249
441 367
441 398
441 167
441 266
441 307
441 65
441 232
441 384
441 210
441 151
441 120
441 395
441 447
441 57
441 314
441 436
441 394
441 28
441 132
441 42
441 136
441 334
441 402
441 5
442 33
442 66
442 249
442 386
442 191
443 55
443 172
443 93
443 240
443 282
443 418
443 94
443 457
443 250
443 123
443 156
443 39
443 3
443 173
443 302
443 263
443 50
443 113
443 319
443 191
443 388
443 409
443 160
443 56
443 266
443 65
443 413
443 216
443 151
443 423
443 128
443 436
443 136
443 161
443 402
443 385
443 78
443 192
443 197
443 52
443 322
443 293
443 226
443 312
443 76
443 366
443 154
443 431
443 315
443 35
443 225
443 91
443 451
443 401
443 329
443 66
443 150
443 217
443 450
443 364
443 183
443 262
443 72
443 441
443 257
443 394
443 132
443 439
443 435
443 108
443 380
443 291
443 198
443 239
443 63
443 14
443 255
443 208
443 115
443 287
443 412
443 354
443 121
443 194
443 95
443 349
443 367
443 167
443 61
443 369
443 231
443 309
443 327
443 440
443 248
443 111
443 415
443 410
443 335
443 320
443 222
443 96
443 434
443 278
443 270
443 199
443 419
443 10
443 37
443 390
443 20
443 114
443 304
443 373
443 249
443 391
443 107
443 382
443 51
443 7
443 210
443 32
443 53
443 178
443 308
443 5
444 438
444 63
444 311
444 457
444 157
445 19
445 78
445 257
445 115
445 7
445 315
445 414
445 253
445 391
445 73
445 370
445 292
445 107
445 342
445 385
446 425
446 262
446 168
446 84
446 213
446 284
446 282
446 244
446 226
446 420
446 235
446 426
446 385
447 63
447 441
447 409
449 229
449 273
449 71
449 103
449 280
449 317
449 303
449 193
449 237
449 133
449 6
449 201
449 253
449 98
449 279
449 7
450 172
450 248
450 192
450 239
450 410
450 335
450 39
450 3
450 315
450 35
450 302
450 199
450 263
450 113
450 412
450 121
450 37
450 269
450 388
450 304
450 401
450 409
450 443
450 367
450 160
450 249
450 167
450 266
450 65
450 210
450 441
450 395
450 436
450 394
450 136
450 132
450 402
450 5
451 94
451 293
452 127
452 103
452 212
452 86
452 356
452 282
452 87
452 75
452 204
452 385
453 279
453 277
454 30
454 457
455 160
455 390
455 129
455 189
455 58
455 279
456 67
456 336
456 159
456 9
456 99
456 345
456 117
456 87
456 58
456 338
456 381
456 376
457 327
457 15
457 331
457 192
457 63
457 357
457 80
457 14
457 145
457 312
457 255
457 344
457 372
457 305
457 77
457 412
457 177
457 354
457 194
457 316
457 33
457 443
457 432
457 66
457 160
457 43
457 249
457 203
457 283
457 232
457 216
457 134
457 176
457 151
457 454
457 395
457 28
457 161
457 439
457 42
458 270
458 143
458 48
458 393
